17734 0.001563
96736 0.001563
108905 0.001563
118068 0.001563
125510 0.001563
132497 0.001563
145083 0.002126
153528 0.000449
159699 0.000939
166214 0.000939
171937 0.000939
178684 0.000939
186302 0.000939
193558 0.000939
200852 0.000939
207690 0.000939
213900 0.000939
219974 0.000028
226888 0.000028
237499 0.000028
245898 0.000028
252744 0.000028
258359 0.000028
265211 0.000028
6385 0.012482
12655 0.010920
18944 0.010920
25409 0.000748
32761 0.000748
39137 0.000748
45902 0.000748
52677 0.000748
58569 0.000748
64789 0.000748
72737 0.000748
241190 0.000461
249269 0.000461
266964 0.000461
274843 0.000461
282063 0.000461
289529 0.000461
305470 0.000461
313045 0.000461
322423 0.000461
329285 0.000461
338281 0.000461
349759 0.000461
357258 0.000461
5467 0.007113
10956 0.007113
17042 0.006466
22610 0.001055
28100 0.001055
35998 0.001055
43194 0.001055
50373 0.001055
57169 0.001055
63435 0.001055
70256 0.001055
76942 0.001055
83517 0.001380
89452 0.000331
95393 0.000331
101640 0.000331
108242 0.000331
113291 0.000331
119864 0.000331
125810 0.000331
131563 0.000331
137386 0.000331
142718 0.000331
148337 0.000331
