15 66.643814
2979 0.011907
8486 0.011907
15763 0.003948
25058 0.003948
31718 0.003948
36330 0.001414
39372 0.001414
43115 0.001414
48927 0.001414
52132 0.001414
56531 0.001414
105763 0.001130
111531 0.001130
114322 0.001130
118378 0.001130
121719 0.001130
125655 0.001130
128801 0.001130
132306 0.000338
135130 0.000338
138796 0.000338
141731 0.000338
145355 0.000338
148378 0.000338
1 17.098097
3234 0.012415
7095 0.012415
9798 0.012415
13051 0.000536
16465 0.000536
19515 0.000536
22233 0.000198
25034 0.000198
28353 0.000198
31794 0.000198
37102 0.000198
41020 0.000198
43946 0.000198
48051 0.000198
51027 0.000198
54902 0.000198
57782 0.000198
62135 0.000198
65107 0.000198
68885 0.000198
71574 0.000198
76056 0.000198
78808 0.000198
82235 0.000198
2 30.441716
3721 0.002312
6527 0.002312
9638 0.002312
12371 0.002312
15707 0.002312
18885 0.002312
22460 0.000941
25307 0.000941
28578 0.000941
31361 0.000271
34032 0.000271
37712 0.000271
40397 0.000271
43737 0.000271
46786 0.000271
50348 0.000271
53246 0.000271
56600 0.000271
59704 0.000271
62398 0.000271
66020 0.000271
69264 0.000271
73313 0.000271
76090 0.000271
