5 30.801696
6281 0.002651
10852 0.002651
15030 0.002651
27132 0.002651
32549 0.002651
39662 0.002651
43855 0.002651
49680 0.002651
64244 0.002651
69949 0.002651
76733 0.002651
82257 0.002207
87968 0.002207
92554 0.002207
97660 0.002207
102089 0.002207
110242 0.001168
115257 0.001168
119592 0.001168
125018 0.001168
130134 0.001168
136612 0.001168
141109 0.001168
151352 0.001168
4 2.651013
5385 0.009305
10221 0.001956
14451 0.001956
22412 0.001956
31789 0.001956
37749 0.001956
66729 0.000170
73824 0.000170
81650 0.000170
87257 0.000170
94982 0.000170
102769 0.000170
107475 0.000170
114344 0.000170
119003 0.000170
123799 0.000170
129098 0.000170
170880 0.000170
177885 0.000170
183928 0.000170
189014 0.000170
336084 0.000170
346454 0.000170
357703 0.000170
6 7.597881
5678 0.009014
17752 0.000979
24177 0.000979
30967 0.000979
39338 0.000979
45827 0.000979
54677 0.000286
62919 0.000286
79918 0.000286
89216 0.000286
97016 0.000004
107324 0.000004
116068 0.000004
124385 0.000004
132813 0.000004
142966 0.000004
151127 0.000004
158349 0.000004
167533 0.000004
177512 0.000004
187511 0.000004
197750 0.000004
202336 0.000004
208082 0.000004
